これからこのproblem_description.txtに基づいて、Aを最小にするように問題を解きたい。 
あなたは解法をcppで出力せよ。 


背景知識
- 添付したbin.zipには既存のrustコードが入っている。対応するscore_detail.csvも後述している。これでどういう戦略がどれぐらいのスコアが出るのかを把握してくれ。
- bin/v000 のコードは現在使用しているテンプレートだ。参考にしてくれ。より高速な実装ができる場合は参考にしなくてもい。
- 使用する文字はnotations.md に記載しているのでできるだけ統一せよ。
- tools/O25rQjiK.zip には 評価用のデータがin/に入っている。
- 現在わかっている知見は important_propaties.md にまとまっている。


完了条件
- cppのコードが提示されている。
- そのコードによるin/の評価結果を提示すること。
- 競技プログラミングを意識して十分高速化されたコードになっている。


制約条件
- 問題には制限時間が設定されている。裏を返すと制限時間をフル活用して絶対スコアを最小化できるということなので、それを意識せよ。
- 絶対スコアの平均を192以下にしたうえでなるべく小さい値にすること。
- AI使用ルール制約により、in/ のすべてを用いた評価は1度だけ許される。 ただし、部分問題を解決するためにプログラムを作成して、その入力にin/繰り返し使うのは問題ない。




problem_description.txt
```
# A - Macro Controller

実行時間制限: 2 sec / メモリ制限: 1024 MiB

## ストーリー

AtCoder 社の高橋社長は球技が好きである。 しかし、仕事の合間にさまざまなボールで遊んでいるうちに、オフィス中にボールを散らかしてしまった。

それを見た青木副社長は大変怒り、高橋社長にすぐ片付けるよう命じた。 困った高橋社長は、最近購入したお片付けロボットを使ってボールを片付けることにした。

このロボットは、前進・右折・左折・交換という基本操作によって、オフィス内を移動しながらボールを拾ったり置いたりできる。 さらに、付属のコントローラーにはマクロ機能があり、一連の操作を記録して後から再生することもできる。

高橋社長の代わりに、できるだけ短い操作列で、すべてのボールを対応するかごに片付けてほしい。

## 問題文

`N x N` マスの盤面がある。 左上のマスの座標を `(0,0)` とし、下方向に `i`、右方向に `j` 進んだ位置の座標を `(i,j)` とする。

盤面の外周は壁で囲まれており、隣接するマス間にも壁が存在する場合がある。 すべてのマスは、壁を越えずに上下左右の移動を繰り返すことで互いに到達可能であることが保証されている。

盤面上には、`M` 種類のボールと、`M` 種類のかごが置かれている。 各種類 `k (0 <= k < M)` について、種類 `k` のボールが 1 個、種類 `k` のかごが 1 個存在する。 初期状態において、各マスには高々 1 つのボールまたはかごが置かれている。

ロボットは初期状態でマス `(0,0)` におり、右を向いている。 また、初期状態ではボールを持っていない。

ロボットに対して、以下の 4 種類の基本操作を行うことができる。

- 前進 `F`: 現在向いている向きに 1 マス進む。 移動先のマスとの間に壁がある場合は移動せず、その場に留まる。
- 右折 `R`: 現在位置から動かずに、時計回りに 90 度向きを変える。
- 左折 `L`: 現在位置から動かずに、反時計回りに 90 度向きを変える。
- 交換 `S`: 現在手に持っているボールと、現在位置に置かれているボールを入れ替える。 手にボールを持っておらず、現在位置にボールがある場合、そのボールを拾い、現在位置はボールのない状態になる。 手にボールを持っており、現在位置にボールがない場合、そのボールを現在位置に置き、手には何も持っていない状態になる。 手にボールを持っており、現在位置にもボールがある場合、手に持っているボールと現在位置のボールを入れ替える。 手にボールを持っておらず、現在位置にもボールがない場合、何も起こらない。 かごのあるマスに置かれたボールも、交換操作により交換される。

高橋くんのコントローラーには、さらに以下の 2 種類の操作がある。

- マクロ `M`: 現在、マクロの記録中でない場合、マクロの記録を開始する。 現在、マクロの記録中である場合、記録を終了し、記録された操作列を新しいマクロとして登録する。
- 再生 `P`: 最後に登録が完了したマクロを再生する。 登録済みのマクロが存在しない場合は何も起こらない。

マクロの記録中に基本操作 `F`, `R`, `L`, `S` を行った場合、その操作は実行されるとともに、記録中のマクロの末尾に追加される。

マクロの記録中に `P` を行った場合、現在記録中のマクロではなく、最後に登録が完了したマクロが再生される。 このとき、実際に再生された基本操作列が、記録中のマクロの末尾に追加される。

例えば、登録済みのマクロが `RFF` である状態で、操作列 `MFPM` を実行した場合を考える。 まず `M` によりマクロの記録を開始し、次に `F` を実行して記録する。 その後、`P` により登録済みのマクロ `RFF` が再生され、これも記録中のマクロに追加される。 最後に `M` により記録を終了する。 この間に実行された基本操作列は `FRFF` であり、新たに登録されるマクロも `FRFF` である。

初期状態ではマクロは登録されていない。 また、初期状態ではマクロの記録は行われていない。

入力として基本操作回数の上限 `T` が与えられる。 マクロ展開後の基本操作は最長で `T` 回まで実行され、`T+1` 回目の基本操作は実行されずに打ち切られる。 できるだけ短い操作列で、すべてのボールを対応するかごに入れることを目指せ。

## 得点

出力した操作列の長さを `A` とする。 ここで、`M` および `P` もそれぞれ 1 回のボタン操作として数える。

シミュレーション終了時に、対応するかごのマスに置かれているボールの個数を `V` とする。

このとき、各テストケースに対して以下の絶対スコアが得られる。絶対スコアは小さければ小さいほど良い。

- `V = M` の場合、`A`
- `V < M` の場合、`T x (M - V)`。シンプルな方法でも`V = M` を達成できるため、こちらは気にしない。 上記の出力操作列長 `A` の最小化だけを気にする。

補足: 問題を解くときは絶対スコアを優先して解く。相対評価スコアは他参加者の結果に依存し、ローカルでは分からないためである。

各テストケースごとに、`round(10^9 x 全参加者中の最小絶対スコア / 自身の絶対スコア)` の相対評価スコアが得られ、その和が提出の得点となる。

最終順位はコンテスト終了後に実施される、より多くの入力に対するシステムテストにおける得点で決定される。 暫定テスト、システムテストともに、一部のテストケースで不正な出力や制限時間超過をした場合、そのテストケースの相対評価スコアは 0 点となり、そのテストケースにおいては「全参加者中の最小絶対スコア」の計算から除外される。 システムテストは `CE` 以外の結果を得た一番最後の提出に対してのみ行われるため、最終的に提出する解答を間違えないよう注意せよ。

## テストケース数

- 暫定テスト: 50 個
- システムテスト: 2000 個、コンテスト終了後に `seeds.txt` (`sha256=d88ec61a00aa2dfb0be89801a7320e56550cf9c71cc2e6959f79c5eb057cf9ae`) を公開

## 相対評価システムについて

暫定テスト、システムテストともに、`CE` 以外の結果を得た一番最後の提出のみが順位表に反映される。 相対評価スコアの計算に用いられる各テストケースごとの全参加者中の最小絶対スコアの算出においても、順位表に反映されている最終提出のみが用いられる。

順位表に表示されているスコアは相対評価スコアであり、新規提出があるたびに、相対評価スコアが再計算される。 一方、提出一覧から確認できる各提出のスコアは各テストケースごとの絶対スコアをそのまま足し合わせたものであり、相対評価スコアは表示されない。 最新以外の提出について、現在の順位表における相対評価スコアを知るためには、再提出が必要である。 不正な出力や制限時間超過をした場合、提出一覧から確認できるスコアは 0 となるが、順位表には正解したテストケースに対する相対スコアの和が表示される。

## 実行時間について

実行時間には多少のブレが生じる。 また、システムテストでは同時に大量の実行を行うため、暫定テストに比べて数%程度実行時間が伸びる現象が確認されている。 そのため、実行時間制限ギリギリの提出がシステムテストで `TLE` となる可能性がある。 プログラム内で時間を計測して処理を打ち切るか、実行時間に余裕を持たせることを推奨する。

## 入力

入力は以下の形式で標準入力から与えられる。

```text
N M T
v_0
...
v_{N-1}
h_0
...
h_{N-2}
b_0 c_0 d_0 e_0
...
b_{M-1} c_{M-1} d_{M-1} e_{M-1}
```

ここで、`(b_k,c_k)` は種類 `k` のボールの初期位置を表し、`(d_k,e_k)` は種類 `k` のかごの位置を表す。

各値は以下の制約を満たす。

- `10 <= N <= 20`
- `N/2 <= M <= 2N`
- `1 <= T <= 2N^2M`
- `v[i,0] ... v[i,N-2]` は長さ `N - 1` の `01` からなる文字列であり、`j` 文字目 `v[i,j]` はマス `(i,j)` とマス `(i,j+1)` の間に壁がある (`1`) かない (`0`) かを表す。
- `h[i,0] ... h[i,N-1]` は長さ `N` の `01` からなる文字列であり、`j` 文字目 `h[i,j]` はマス `(i,j)` とマス `(i+1,j)` の間に壁がある (`1`) かない (`0`) かを表す。
- すべてのマスは互いに到達可能であることが保証されている。
- ボールの初期位置とかごの位置はすべて相異なる。

## 出力

操作列の長さを `A`、`t` 回目の操作を表す文字 (`F`, `R`, `L`, `S`, `M`, `P`) を `a_t` としたとき、以下の形式で標準出力に出力せよ。

```text
a_0
...
a_{A-1}
```

出力する操作列の長さ `A` は `T` 以下でなければならない。

## 入力生成方法

`L` 以上 `U` 以下の整数値を一様ランダムに生成する関数を `rand(L,U)`、`L` 以上 `U` 以下の実数値を一様ランダムに生成する関数を `rand_double(L,U)` とする。

### 盤面の生成

マスの角にあたる点を「頂点」と呼ぶことにする。

`N = rand(10,20)` により盤面サイズを決定する。 壁の本数を `W = rand(0,N-1)` により決定し、マス間に壁がない状態から開始して、以下を `W` 回繰り返す。

頂点のうち、既存の壁に接していないものから一様ランダムに 1 つを選び、その頂点から上下左右のいずれかの方向を選んで、他の壁に接するまで壁を伸ばす。

### ボールの初期位置とかごの位置の生成

`M = round(N/2 x 4^rand_double(0,1))` を生成する。

`N^2` 個のマスを一様ランダムな順に並び替え、その最初の `M` 個をボールの初期位置、次の `M` 個をかごの位置として採用する。

### T の生成

座標列 `(i_0,j_0), ..., (i_{2M},j_{2M})` を以下のように設定する。

- `(i_0,j_0) = (0,0)`
- `(i_{2k+1},j_{2k+1}) = (b_k,c_k)`
- `(i_{2k+2},j_{2k+2}) = (d_k,e_k)`

上下左右の移動を 1 手として、これらの座標列を順に訪れる最小手数 `X` を計算する。 `r = rand_double(0,1)` を生成し、`T = round((2X + 4M)^r x (2N^2M)^(1-r))` により基本操作回数の上限 `T` を決定する。
```



score_detail.csv
```
bin,total_avg,max_elapsed,0000.txt,0001.txt,0002.txt,0003.txt,0004.txt,0005.txt,0006.txt,0007.txt,0008.txt,0009.txt,0010.txt,0011.txt,0012.txt,0013.txt,0014.txt,0015.txt,0016.txt,0017.txt,0018.txt,0019.txt,0020.txt,0021.txt,0022.txt,0023.txt,0024.txt,0025.txt,0026.txt,0027.txt,0028.txt,0029.txt,0030.txt,0031.txt,0032.txt,0033.txt,0034.txt,0035.txt,0036.txt,0037.txt,0038.txt,0039.txt,0040.txt,0041.txt,0042.txt,0043.txt,0044.txt,0045.txt,0046.txt,0047.txt,0048.txt,0049.txt,0050.txt,0051.txt,0052.txt,0053.txt,0054.txt,0055.txt,0056.txt,0057.txt,0058.txt,0059.txt,0060.txt,0061.txt,0062.txt,0063.txt,0064.txt,0065.txt,0066.txt,0067.txt,0068.txt,0069.txt,0070.txt,0071.txt,0072.txt,0073.txt,0074.txt,0075.txt,0076.txt,0077.txt,0078.txt,0079.txt,0080.txt,0081.txt,0082.txt,0083.txt,0084.txt,0085.txt,0086.txt,0087.txt,0088.txt,0089.txt,0090.txt,0091.txt,0092.txt,0093.txt,0094.txt,0095.txt,0096.txt,0097.txt,0098.txt,0099.txt,label,executed_at
v001_baseline,315,38,355,223,570,129,269,308,305,169,169,95,102,267,343,180,796,540,411,201,161,575,173,160,130,108,302,84,275,457,337,502,167,166,1029,374,622,146,356,65,157,161,297,251,295,494,209,229,221,292,128,336,235,316,140,173,209,706,282,331,267,324,685,260,401,1001,418,126,293,336,379,407,491,816,348,466,296,683,342,163,177,121,250,212,889,280,180,97,97,260,154,345,442,272,440,129,123,236,479,345,141,249,,2026-05-30T16:40:07+09:00
v002_multi_macro,310,56,341,223,565,129,269,301,291,163,166,95,102,266,339,173,790,528,406,201,161,563,171,157,130,102,300,83,264,445,335,498,167,162,1011,371,608,146,344,65,152,155,293,244,291,489,203,223,217,288,128,324,233,316,137,171,208,705,280,324,240,323,672,259,396,975,418,126,288,332,367,389,490,798,345,444,287,677,334,162,177,121,249,212,882,279,178,93,97,255,152,338,429,261,439,125,120,234,476,340,136,249,,2026-05-30T17:32:46+09:00
v003_macro_search,257,1908,340,175,455,122,226,263,249,130,140,81,88,209,308,161,602,419,342,147,133,415,151,137,115,93,247,77,264,353,294,410,152,151,798,293,479,129,283,59,141,132,225,204,239,384,185,204,187,241,108,265,203,255,112,133,190,573,241,300,218,277,589,239,333,790,332,109,255,259,350,310,405,624,302,362,212,564,246,130,162,99,203,198,732,219,132,92,70,207,136,260,328,203,368,106,111,204,380,282,109,190,,2026-05-30T17:54:16+09:00
v003_macro_search,257,547,340,174,454,121,225,266,250,131,140,81,88,209,304,161,605,419,342,149,133,416,151,137,114,93,249,77,264,353,296,410,152,152,798,293,478,129,283,59,141,130,224,204,239,385,185,204,187,241,108,265,204,255,112,132,190,572,241,303,218,276,588,239,333,792,332,109,254,259,350,309,405,624,304,361,212,564,246,130,162,100,203,198,733,219,132,92,71,207,135,259,330,203,370,106,111,204,366,291,109,190,,2026-05-30T17:57:20+09:00
v003_macro_search,247,1359,329,159,444,120,222,259,249,123,140,81,86,197,297,157,563,411,322,136,133,393,148,137,109,93,249,77,264,333,292,380,151,150,786,277,444,129,267,59,139,130,215,198,226,355,171,204,180,236,108,264,193,250,109,121,190,537,241,295,218,276,578,234,317,724,291,109,245,241,337,299,376,551,304,347,193,546,243,120,162,96,203,191,714,205,123,92,71,200,135,242,316,195,362,106,111,204,366,275,100,171,q_len7,2026-05-30T18:10:18+09:00
v101_pro_baseline,273,1870,317,181,479,123,228,283,258,151,151,84,86,225,310,169,673,441,346,161,134,468,150,136,123,94,258,82,251,379,290,467,140,154,917,326,543,146,328,62,136,141,237,216,238,428,183,203,190,249,114,290,213,266,121,147,194,615,253,288,222,292,585,236,349,864,390,115,272,284,347,316,422,653,303,393,234,588,262,142,164,106,222,200,776,244,146,95,76,222,136,292,377,234,380,112,104,215,396,303,123,226,,2026-05-30T18:12:19+09:00
v003_macro_search,240,1730,326,159,403,119,220,253,247,123,132,81,86,193,289,152,532,409,322,136,133,356,148,135,105,93,249,77,264,324,285,362,146,144,751,268,433,125,261,59,139,130,210,193,220,336,161,204,180,230,103,258,186,248,106,117,190,510,241,295,218,271,557,224,298,694,269,109,245,241,322,293,354,518,304,331,188,546,230,120,160,96,201,189,669,193,123,92,71,200,135,229,303,184,354,106,111,204,366,266,100,163,q_len4_8_timecap,2026-05-30T18:19:06+09:00
v102_pro_beamsearch,280,1874,327,183,482,123,228,293,265,154,157,86,86,229,318,176,702,445,350,167,144,481,154,138,122,100,267,81,258,391,294,472,145,157,951,331,558,146,335,62,140,143,244,217,247,443,194,216,195,258,113,292,217,269,122,145,196,624,254,299,246,294,611,240,355,894,404,117,271,298,359,324,432,690,308,424,253,605,265,144,163,107,223,202,803,244,149,96,76,221,139,299,394,240,389,116,105,221,408,314,126,229,,2026-05-30T18:18:55+09:00
v003_macro_search,240,1718,326,159,403,119,220,253,247,123,132,81,86,193,289,152,532,409,322,136,133,356,148,135,105,93,249,77,264,324,285,362,146,144,751,268,433,125,261,59,139,130,210,193,220,336,161,204,180,230,103,258,186,248,106,117,190,510,241,295,218,271,557,224,298,694,269,109,245,241,322,293,354,518,304,331,188,527,230,120,160,96,201,189,669,193,123,92,71,200,135,229,303,184,354,106,111,204,366,266,100,163,q_len8_first_timecap,2026-05-30T18:24:15+09:00
v103_pro_sa,307,1706,389,182,510,150,265,315,257,150,156,89,88,241,356,197,756,501,378,179,147,536,153,148,128,99,299,84,297,393,328,484,188,158,1205,329,556,146,334,64,146,150,254,224,302,472,230,223,191,259,122,308,214,279,124,155,195,682,295,371,311,312,821,258,383,906,457,121,287,290,504,334,541,782,367,424,254,748,265,143,169,107,261,225,1028,267,145,96,76,245,143,350,385,238,407,116,111,220,400,400,119,234,,2026-05-30T18:23:02+09:00
v003_macro_search,240,1658,326,159,403,119,220,253,247,123,132,81,86,193,289,152,532,409,322,136,133,356,148,135,105,93,249,77,264,324,285,362,146,144,751,268,433,125,261,59,139,130,210,193,220,336,161,204,180,230,103,258,186,248,106,117,190,510,241,295,218,271,557,224,298,694,269,109,245,241,322,293,354,518,304,331,188,527,230,120,160,96,201,189,669,193,123,92,71,200,135,229,303,184,354,106,111,204,366,266,100,163,v003_program_limit_165,2026-05-30T18:52:25+09:00
v003_macro_search,240,1509,326,159,403,119,220,253,247,123,132,81,86,193,289,152,532,409,322,136,133,356,148,135,105,93,249,77,264,324,285,362,146,144,751,268,433,125,261,59,139,130,210,193,220,336,161,204,180,230,103,258,186,248,106,117,190,510,241,295,218,271,557,224,298,694,269,109,245,241,322,293,354,518,304,331,188,527,230,120,160,96,201,189,669,193,123,92,71,200,135,229,303,184,354,106,111,204,366,266,100,163,v003_local_limit_150,2026-05-30T18:57:19+09:00
v004_macro_search_long,231,1510,332,164,379,114,212,242,245,123,132,81,86,182,271,136,482,365,317,128,133,355,148,135,105,93,258,77,264,301,290,347,138,138,685,253,410,125,245,59,139,151,194,187,203,318,161,223,180,230,103,258,188,237,103,112,185,474,235,289,206,281,534,229,323,636,249,126,237,248,319,284,320,481,300,304,170,507,219,117,163,96,185,183,609,183,119,92,71,195,147,202,287,170,312,106,109,200,346,253,95,166,v004_len10_diverse,2026-05-30T19:07:40+09:00
v004_macro_search_long,231,1525,332,164,379,114,212,242,246,123,132,81,86,182,271,136,482,365,317,128,133,355,148,135,105,93,258,77,264,301,290,347,138,138,685,253,410,125,246,59,141,151,194,187,203,318,162,223,180,230,103,258,196,237,103,112,185,474,235,289,206,281,534,229,323,636,249,126,237,248,319,284,320,481,300,304,170,507,219,117,163,96,185,183,609,183,119,92,71,195,147,202,287,170,312,106,109,200,346,253,95,166,v004_len10,2026-05-30T19:14:06+09:00
v004_macro_search_long,232,1509,341,152,372,117,208,250,249,131,129,95,86,173,266,144,463,366,310,128,137,343,159,156,111,102,267,83,264,299,276,336,137,136,658,231,415,117,240,59,151,154,182,181,216,304,162,223,187,229,104,268,193,232,103,107,194,465,240,292,205,310,537,227,310,631,241,126,231,251,333,320,332,481,307,303,165,528,221,116,168,97,186,186,580,172,118,93,71,192,151,203,294,161,328,109,114,198,411,245,92,163,v004_len11,2026-05-30T19:15:22+09:00
v004_macro_search_long,234,1510,341,181,353,117,208,246,262,133,126,95,102,174,257,142,461,365,321,132,154,345,168,155,121,102,275,83,264,292,274,335,138,157,649,238,418,139,236,65,152,155,186,236,212,293,155,223,184,259,105,268,199,237,102,105,196,483,240,296,202,308,523,237,292,636,229,126,233,239,331,316,332,483,310,301,159,528,231,120,169,96,186,182,574,167,111,93,77,210,148,194,324,154,310,112,111,191,408,241,89,158,v004_len12,2026-05-30T19:16:43+09:00
v005_scored_macro_search,227,1514,329,152,353,114,208,242,246,123,131,81,86,174,263,136,487,365,317,128,133,343,148,135,105,93,249,77,264,292,274,327,139,138,666,231,399,117,246,59,139,130,184,191,203,293,156,204,183,230,103,258,186,239,103,105,190,483,235,297,202,271,523,224,306,625,229,109,236,241,319,296,320,478,304,303,159,507,223,116,162,97,185,181,592,175,118,92,71,190,135,194,291,154,312,106,109,201,355,243,89,163,v005_scored_len12,2026-05-30T19:32:06+09:00
v005_scored_macro_search,240,1509,326,159,403,119,220,253,247,123,132,81,86,193,289,152,532,409,322,136,133,356,148,135,105,93,249,77,264,324,285,362,146,144,751,268,433,125,261,59,139,130,210,193,220,336,161,204,180,230,103,258,186,248,106,117,190,510,241,295,218,271,557,224,298,694,269,109,245,241,322,293,354,518,304,331,188,527,230,120,160,96,201,189,669,193,123,92,71,200,135,229,303,184,354,106,111,204,366,266,100,163,v005_len8,2026-05-30T19:41:54+09:00
v005_scored_macro_search,234,1508,326,159,393,115,212,238,245,123,132,81,86,188,277,150,506,393,322,133,133,356,148,135,105,93,249,77,264,312,280,357,142,138,711,261,433,125,245,59,139,130,197,191,216,327,161,204,180,226,103,258,186,239,104,115,185,483,238,297,218,271,543,224,306,666,260,109,243,241,322,293,346,505,295,313,179,514,222,117,160,96,185,185,621,190,123,92,71,200,135,216,295,176,326,106,111,198,353,255,95,163,v005_len9,2026-05-30T19:42:29+09:00
v005_scored_macro_search,230,1516,326,159,379,114,212,242,245,123,132,81,86,182,274,136,488,365,317,128,133,355,148,135,105,93,249,77,264,301,286,347,138,138,704,253,419,125,245,59,139,130,194,187,203,318,161,204,180,230,103,258,186,237,103,112,185,483,235,297,211,271,534,224,306,636,249,109,243,241,319,284,320,481,295,304,170,507,221,117,162,96,185,184,609,183,119,92,71,195,135,202,287,170,312,106,109,198,346,253,95,163,v005_len10,2026-05-30T19:43:27+09:00
v005_scored_macro_search,228,1514,329,152,372,114,209,242,246,123,129,81,86,173,270,136,488,365,317,128,133,343,148,135,105,93,249,77,264,299,276,336,137,136,693,231,417,117,240,59,139,130,184,191,203,304,162,204,180,230,103,258,186,237,103,107,190,483,235,297,205,271,534,224,306,631,241,109,243,241,319,284,320,478,304,303,165,507,221,116,162,97,185,188,592,180,118,92,71,200,135,202,287,161,312,106,109,199,348,245,92,163,v005_len11,2026-05-30T19:44:41+09:00
v005_scored_macro_search,227,1529,329,152,353,114,208,242,246,123,131,81,86,174,263,136,487,365,317,128,133,343,148,135,107,93,249,77,264,292,282,327,142,138,666,231,399,117,246,59,139,130,184,191,203,293,156,204,183,230,103,258,186,239,103,107,190,483,235,297,202,271,523,224,306,625,229,109,236,241,319,296,320,478,304,303,159,507,223,116,162,97,185,181,592,175,118,92,71,190,135,194,291,154,312,106,109,201,355,243,89,163,v005_len12,2026-05-30T19:46:00+09:00
v005_scored_macro_search,227,1519,329,152,354,114,209,242,247,131,125,81,86,176,256,136,481,378,317,128,133,343,148,135,110,93,249,77,264,290,286,324,145,138,666,231,419,117,246,59,139,130,182,191,203,286,156,204,183,234,106,258,192,237,103,105,190,485,235,297,198,271,527,224,306,599,225,109,236,241,319,305,320,465,304,303,159,512,230,116,162,97,183,181,592,170,118,92,71,190,135,188,291,154,312,106,109,201,366,243,89,161,v005_len13,2026-05-30T19:47:21+09:00
v005_scored_macro_search,230,1514,329,152,366,114,209,239,247,131,127,81,86,175,267,136,477,378,317,128,133,343,148,135,110,93,249,80,264,283,286,324,145,138,666,244,428,117,247,59,139,130,174,192,219,302,158,204,183,236,106,258,192,249,104,105,190,485,241,297,198,271,544,224,306,599,228,109,246,241,319,305,336,503,304,307,161,561,233,120,162,101,186,181,604,164,118,92,71,209,135,191,291,154,312,106,109,201,366,246,93,163,v005_len14,2026-05-30T19:48:42+09:00
v006_beam_order,223,1222,316,152,308,114,208,240,235,123,120,81,84,174,263,136,474,353,317,126,133,343,145,124,107,92,249,77,264,290,286,320,133,124,656,231,385,109,246,59,128,130,181,191,199,288,152,204,177,234,104,245,182,212,103,107,190,456,227,284,201,271,512,216,297,626,234,109,236,241,308,276,319,478,304,303,156,497,205,113,160,91,185,178,590,175,111,89,71,190,132,194,291,150,297,102,93,201,364,243,89,163,v006_beam_w10_d3_q120,2026-05-30T20:17:46+09:00
v006_beam_order,223,1371,316,152,308,114,208,240,235,123,120,81,84,174,263,136,474,353,317,126,133,343,145,124,107,92,249,77,264,290,282,320,133,124,656,231,385,109,246,59,128,130,181,191,199,288,152,204,177,234,104,245,182,212,103,107,190,461,227,284,201,271,512,216,297,626,234,109,236,241,308,276,319,478,304,303,156,507,205,113,160,91,185,178,590,175,111,89,71,190,132,194,291,150,297,102,93,201,357,243,89,163,v006_beam_w10_d3_q135,2026-05-30T20:19:05+09:00
v006_beam_order,223,1220,316,152,308,114,209,240,235,123,120,81,84,174,263,136,474,353,317,126,133,343,145,124,107,92,249,77,264,290,286,320,133,124,656,231,385,109,246,59,128,130,181,191,199,288,152,204,177,234,104,245,182,212,103,107,190,456,227,293,201,271,512,216,297,626,234,109,236,241,308,276,319,478,304,303,156,497,205,113,160,91,185,178,590,175,111,89,71,190,132,194,291,150,297,102,93,201,357,243,89,163,v006_beam_w10_d3_q120_final,2026-05-30T20:20:50+09:00
v007_multi_q_beam,218,1205,312,152,308,114,206,222,235,112,117,76,80,174,263,133,462,353,317,126,131,339,131,119,105,91,245,76,243,279,272,320,131,123,656,231,385,109,246,58,127,130,176,188,195,288,152,201,173,234,101,234,186,211,103,101,175,406,227,274,201,271,501,216,280,621,232,109,236,221,308,272,302,473,284,299,153,497,205,111,151,89,179,178,590,173,111,89,70,190,127,191,291,150,295,97,93,199,345,243,87,163,v007_multi_q_beam_pool8_q110,2026-05-30T21:05:07+09:00
v007_multi_q_beam,217,1315,312,152,308,113,206,224,235,110,113,76,80,174,263,131,462,353,317,126,131,332,131,119,103,90,241,75,243,279,272,320,129,123,656,231,385,109,246,58,127,129,176,188,195,288,152,201,171,229,101,234,181,211,102,101,165,406,227,274,201,263,501,216,280,621,232,109,236,217,303,272,302,473,284,299,153,497,194,111,151,91,176,178,590,173,106,89,67,190,127,191,291,150,291,97,93,198,345,238,87,163,v007_multi_q_beam_pool16_q110,2026-05-30T21:06:23+09:00
v007_multi_q_beam,217,1467,312,150,308,113,206,222,231,109,113,76,80,174,263,131,462,353,317,126,129,329,131,119,103,90,237,75,242,279,272,320,129,123,656,231,385,109,246,58,127,129,176,188,195,288,152,201,170,227,101,234,181,211,102,101,165,406,210,274,199,263,501,216,280,621,232,109,236,217,303,257,302,473,284,296,153,497,194,111,151,85,176,178,590,173,106,89,67,187,127,191,290,150,291,97,93,196,345,238,87,163,v007_multi_q_beam_pool32_q110,2026-05-30T21:07:34+09:00
v007_multi_q_beam,222,1466,312,150,308,113,206,222,231,109,113,76,80,174,263,131,462,353,317,126,129,329,127,119,103,90,236,75,242,279,272,320,130,123,656,231,385,109,246,58,127,129,176,188,195,288,152,201,170,227,101,234,720,211,102,101,165,406,210,274,199,263,501,216,280,621,232,109,236,217,303,257,302,473,284,296,153,497,194,111,151,85,176,178,590,173,106,89,67,187,127,191,290,150,295,97,93,196,345,238,87,163,v007_multi_q_beam_pool32_q105,2026-05-30T21:08:59+09:00
v007_multi_q_beam,217,1406,312,152,308,113,206,222,235,109,113,76,80,174,263,131,462,353,317,126,129,329,131,119,103,90,236,75,243,279,272,320,129,123,656,231,385,109,246,58,127,129,176,188,195,288,152,201,170,229,101,234,181,211,102,101,165,406,227,274,199,263,501,216,280,621,232,109,236,217,303,272,302,473,284,299,153,497,194,111,151,85,176,178,590,173,106,89,67,190,127,191,291,150,295,97,93,196,345,238,87,163,v007_multi_q_beam_pool24_q110,2026-05-30T21:10:15+09:00
v007_multi_q_beam,217,1446,312,150,308,113,206,222,231,109,113,76,80,174,263,131,462,353,317,126,129,329,127,119,103,90,237,75,242,279,272,320,129,123,656,231,385,109,246,58,127,129,176,188,195,288,152,201,170,227,101,234,181,211,102,101,169,406,210,274,199,263,501,216,280,621,232,109,236,217,303,257,302,473,284,296,153,497,194,111,151,85,176,178,590,173,106,89,67,187,127,191,290,150,291,97,93,196,345,238,87,163,v007_multi_q_beam_pool32_q110_guard06,2026-05-30T21:11:44+09:00
v008_fast_beam,222,1447,312,150,308,113,206,222,231,109,113,76,80,174,263,131,462,353,317,126,129,329,127,119,103,90,236,75,242,279,272,320,130,123,656,231,385,109,246,58,127,129,176,188,195,288,152,201,170,227,101,234,720,211,102,101,165,406,210,274,199,263,501,216,280,621,232,109,236,217,303,257,302,473,284,296,153,497,194,111,151,85,176,178,590,173,106,89,67,187,127,191,290,150,295,97,93,196,345,240,89,163,v008_dist_scratch_pool32_q110,2026-05-30T21:21:33+09:00
v008_fast_beam,217,1472,312,150,308,113,206,222,231,109,113,76,80,174,263,131,462,353,317,126,129,329,127,119,103,90,236,75,242,279,272,320,129,123,656,231,385,109,246,58,127,129,176,188,195,288,152,201,170,227,101,234,181,211,102,101,165,406,210,274,199,263,501,216,280,621,232,109,236,217,303,257,302,473,284,299,153,497,194,111,151,85,176,178,590,173,106,89,67,187,127,191,288,150,291,97,93,196,345,238,87,163,v008_full_dist_scratch_pool32_q110_guard06,2026-05-30T21:25:53+09:00
v008_fast_beam,216,1447,310,147,308,113,206,222,231,109,113,76,78,174,263,131,462,353,317,126,129,329,127,119,103,90,236,75,242,279,272,320,130,123,656,231,385,109,246,58,127,124,176,185,195,288,152,196,170,222,101,234,181,211,102,101,165,406,210,274,199,263,501,216,280,621,232,109,236,217,303,257,302,473,282,278,153,497,194,111,151,85,176,178,590,173,106,89,67,187,127,191,284,150,291,97,93,196,345,238,87,163,v008_full_dist_scratch_pool48_q110_guard06,2026-05-30T21:27:13+09:00
v008_fast_beam,216,1454,309,147,308,113,206,222,231,109,113,76,78,175,263,131,462,353,317,126,129,329,123,119,103,90,236,71,242,279,272,320,129,123,656,231,385,109,246,58,127,124,176,185,195,288,152,196,170,221,101,234,181,211,102,101,165,406,210,274,199,263,501,216,280,621,232,109,236,217,303,257,302,473,282,278,153,497,194,111,151,85,176,178,590,173,106,88,67,187,127,191,284,150,291,97,93,196,345,238,87,163,v008_full_dist_scratch_pool64_q110_guard06,2026-05-30T21:28:31+09:00
v008_fast_beam,216,1456,309,147,308,113,206,222,225,109,112,76,78,174,263,131,462,353,317,125,129,329,123,119,103,90,236,71,242,279,266,320,128,123,656,231,385,109,246,58,127,124,176,185,195,288,152,196,169,221,101,225,180,211,102,101,165,406,210,274,199,263,501,216,280,621,232,109,236,217,303,257,308,473,280,278,156,497,194,111,151,85,176,178,590,173,106,88,66,182,127,191,284,150,291,97,93,196,345,238,87,163,v008_full_dist_scratch_pool96_q110_guard06,2026-05-30T21:29:53+09:00
v008_fast_beam,216,1449,309,147,308,113,206,222,224,109,112,76,78,174,263,131,462,353,317,125,129,329,123,119,100,90,236,71,242,279,266,320,128,123,656,231,385,109,246,58,127,124,176,185,195,288,152,196,168,221,101,225,180,211,102,101,165,406,210,274,199,263,501,216,280,621,232,109,236,217,303,257,302,473,280,278,153,497,194,111,151,85,176,178,590,173,106,88,66,182,127,191,284,150,291,97,93,196,345,240,87,163,v008_full_dist_scratch_pool128_q110_guard06,2026-05-30T21:31:18+09:00
v008_fast_beam,216,1457,309,147,308,113,206,222,224,109,112,76,78,174,263,131,462,353,317,124,129,329,123,119,100,90,236,71,242,279,266,320,128,123,656,231,385,109,246,58,127,124,176,185,195,288,152,196,168,221,101,225,180,211,102,101,165,406,210,274,199,263,501,216,280,621,232,109,236,217,303,257,302,473,280,278,153,497,194,110,151,85,176,178,590,173,106,88,66,182,127,191,284,150,291,97,93,196,345,238,87,163,v008_full_dist_scratch_pool192_q110_guard06,2026-05-30T21:32:49+09:00
v008_fast_beam,216,1448,309,147,308,113,206,222,224,109,112,76,78,174,263,131,462,353,317,124,129,329,123,119,100,90,236,71,242,279,266,320,128,123,656,231,385,109,246,58,127,124,176,185,195,288,152,196,168,221,101,225,180,211,102,101,165,406,210,274,199,263,501,216,280,621,232,109,236,217,303,257,302,473,280,278,153,497,194,110,151,85,176,178,590,173,106,88,66,182,127,191,284,150,291,97,93,196,345,238,87,163,v008_fast_beam_pool192_q110_final,2026-05-30T21:34:40+09:00
v009_no_all_f_macro,216,1488,310,147,308,113,206,222,224,109,112,76,78,174,263,131,462,353,317,124,129,329,123,119,100,90,236,71,242,279,266,320,128,123,656,231,385,109,246,58,127,124,176,185,195,288,152,196,168,221,101,225,180,211,102,101,165,406,210,274,199,263,501,216,280,621,232,109,236,217,303,257,302,473,280,278,153,497,194,110,151,85,176,178,590,173,106,88,66,182,127,191,284,150,291,97,93,196,345,238,87,163,v009_no_all_f_pool192_q110,2026-05-30T22:04:44+09:00
v009_no_all_f_macro,216,1450,309,147,308,113,206,222,224,109,112,76,78,174,263,131,462,353,317,124,129,329,123,119,100,90,237,71,242,279,266,320,128,123,656,231,385,109,246,58,127,124,176,185,195,288,152,196,168,221,101,225,180,211,102,101,165,406,210,274,199,263,501,216,280,621,232,109,236,217,303,257,302,473,280,278,153,497,194,110,151,85,176,178,590,173,106,88,66,182,127,191,284,150,291,97,93,196,345,238,87,163,v009_no_all_f_pool192_q110_rerun,2026-05-30T22:05:58+09:00
v010_afterburner,215,1604,309,147,308,113,206,214,218,109,112,76,78,174,263,131,462,353,317,124,129,329,123,119,100,90,236,71,242,279,266,320,128,123,656,227,385,109,246,56,127,124,176,185,195,288,152,196,168,221,101,225,180,211,102,101,160,406,210,274,199,263,499,214,274,621,232,109,236,217,303,257,302,473,280,278,153,497,194,110,148,85,176,178,590,173,106,88,66,182,127,191,284,150,291,97,92,196,344,238,87,163,v010_afterburner_pool192_q110,2026-05-30T22:16:02+09:00
v010_afterburner,215,1461,312,147,308,113,206,216,219,109,112,76,78,174,263,131,462,353,317,124,129,329,123,119,100,90,234,71,242,279,272,320,128,123,656,227,385,109,246,56,127,124,176,185,195,288,152,196,168,222,101,225,180,211,102,101,160,406,210,274,199,263,499,214,274,621,232,109,236,217,303,257,302,473,282,278,153,497,194,110,148,85,176,178,590,173,106,88,66,187,127,191,284,150,291,97,92,196,344,240,87,163,v010_afterburner_guard020,2026-05-30T22:17:44+09:00
v010_afterburner,216,1586,310,147,308,113,206,214,218,109,112,76,78,174,263,131,462,353,317,124,129,329,123,119,100,90,234,71,242,279,272,320,128,123,656,227,385,109,246,56,127,124,176,185,195,288,152,196,168,221,101,225,180,211,102,101,160,406,210,274,199,263,531,214,274,621,232,109,236,217,303,257,308,473,279,299,153,497,194,110,148,85,176,178,590,173,106,88,66,182,127,191,284,150,291,97,92,196,344,238,87,163,v010_afterburner_guard016,2026-05-30T22:19:09+09:00
v010_afterburner,216,1482,312,147,308,113,206,214,219,109,112,76,78,174,263,131,462,353,317,124,129,329,123,119,100,90,234,71,242,279,272,320,128,123,656,227,418,109,246,56,127,124,176,185,195,288,152,196,168,222,101,234,180,211,102,101,160,406,210,274,199,263,499,214,274,621,232,109,236,217,303,257,302,473,282,278,153,497,198,110,148,85,176,178,590,173,106,88,66,187,127,191,284,150,291,97,92,196,344,238,87,163,v010_afterburner_guard020_final,2026-05-30T22:20:39+09:00
v010_afterburner,215,1584,309,147,308,113,206,214,218,109,112,76,78,174,263,131,462,353,317,124,129,329,123,119,100,90,234,71,242,279,266,320,128,123,656,227,385,109,246,56,127,124,176,185,195,288,152,196,168,221,101,225,180,211,102,101,160,406,210,274,199,263,499,214,274,621,232,109,236,217,303,257,308,473,280,278,153,497,198,110,148,85,176,178,590,173,106,88,66,182,127,191,284,150,291,97,92,196,344,240,87,163,v010_afterburner_max48_guard006,2026-05-30T22:22:53+09:00
v010_afterburner,215,1528,309,147,308,113,206,214,219,109,112,76,78,174,263,131,462,353,317,124,129,329,123,119,100,90,234,71,242,279,266,320,128,123,656,227,385,109,246,56,127,124,176,185,195,288,152,196,168,221,101,225,180,211,102,101,160,406,210,274,199,263,499,214,274,621,232,109,236,217,303,257,302,473,280,278,153,497,194,110,148,85,176,178,590,173,106,88,66,182,127,191,284,150,291,97,92,196,344,238,87,163,v010_afterburner_max48_guard010,2026-05-30T22:24:22+09:00
v010_afterburner,215,1506,309,147,308,113,206,214,218,109,112,76,78,174,263,131,462,353,317,124,129,329,123,119,100,90,236,71,242,279,272,320,128,123,656,227,385,109,246,56,127,124,176,185,195,288,152,196,168,221,101,225,180,211,102,101,160,406,210,274,199,263,499,214,274,621,232,109,236,217,303,257,302,473,280,278,153,497,194,110,148,85,176,178,590,173,106,88,66,182,127,191,284,150,291,97,92,196,344,238,87,163,v010_afterburner_max48_guard012,2026-05-30T22:26:02+09:00
v010_afterburner,215,1532,309,147,308,113,206,214,218,109,112,76,78,174,263,131,462,353,317,124,129,329,123,119,100,90,236,71,242,279,272,320,128,123,656,227,385,109,246,56,127,124,176,185,195,288,152,196,168,221,101,225,180,211,102,101,160,406,210,274,199,263,499,214,274,621,232,109,236,217,303,257,302,473,282,278,153,497,194,110,148,85,176,178,590,173,106,88,66,182,127,191,284,150,291,97,92,196,344,238,87,163,v010_afterburner_max48_guard013,2026-05-30T22:27:29+09:00
v010_afterburner,215,1546,309,147,308,113,206,214,218,109,112,76,78,174,263,131,462,353,317,125,129,329,123,119,100,90,236,71,242,279,266,320,128,123,656,227,385,109,246,56,127,124,176,185,195,288,152,196,168,221,101,225,180,211,102,101,160,406,210,274,199,263,499,214,274,621,232,109,236,217,303,257,308,473,280,278,153,497,194,111,148,85,176,178,590,173,106,88,66,182,127,191,284,150,291,97,92,196,344,238,87,163,v010_afterburner_pool128_max48_guard010,2026-05-30T22:29:02+09:00
v011_staging_s_macro,216,1604,309,147,308,113,206,222,224,109,112,76,78,174,263,131,462,353,317,124,129,329,123,119,100,90,236,71,242,279,266,320,128,123,656,231,385,109,246,58,127,124,176,185,195,288,152,196,168,221,101,225,180,211,102,101,165,406,210,274,199,263,501,216,280,621,232,109,236,217,303,257,302,473,280,278,153,497,194,110,151,85,176,178,590,173,106,88,66,182,127,191,284,150,291,97,93,196,345,238,87,163,v011_staging_s_macro_top24,2026-05-30T22:38:47+09:00
v012_multi_macro_switch,216,1367,312,147,308,113,206,222,225,109,112,76,78,174,263,131,462,353,317,124,129,329,123,119,100,90,237,71,242,279,272,320,128,123,656,231,385,109,246,58,127,124,176,185,195,288,152,196,168,222,101,225,180,211,102,101,165,406,210,274,199,263,501,216,280,621,232,109,236,217,303,257,302,473,282,278,153,497,194,110,151,85,176,178,590,173,106,88,66,187,127,191,284,150,291,97,93,196,345,238,87,163,v012_multi_macro_k6_sets3_guard020,2026-05-30T22:51:48+09:00
v012_multi_macro_switch,216,1468,312,147,308,113,206,222,225,109,112,76,78,174,263,131,462,353,317,124,129,329,123,119,100,90,236,71,243,279,271,320,128,123,656,231,385,109,246,58,127,124,176,185,195,288,152,196,168,222,101,234,180,211,102,101,165,406,210,275,199,263,501,216,280,621,232,109,236,217,303,257,302,473,282,278,153,497,194,110,151,85,176,178,590,173,106,88,66,187,127,191,284,150,291,97,93,196,345,238,87,163,v012_multi_macro_k6_sets3_mbeam,2026-05-30T22:54:35+09:00
v012_multi_macro_switch,216,1503,309,147,308,113,206,222,224,109,112,76,78,174,263,131,462,354,317,124,129,329,123,119,100,90,237,71,242,279,266,320,128,123,656,231,418,109,246,58,127,124,176,185,195,288,152,196,168,227,101,225,180,211,102,101,165,406,210,274,199,263,501,216,280,621,232,109,236,217,303,257,308,473,282,278,156,497,198,110,151,85,176,178,597,173,106,88,66,182,127,191,284,150,291,97,93,196,345,240,87,163,v012_multi_macro_opportunistic,2026-05-30T22:56:16+09:00
v013_pure_multi_macro_switch,256,426,348,190,435,137,249,247,243,137,132,110,104,196,304,161,568,384,359,142,161,358,177,147,130,118,275,85,277,327,316,374,154,139,767,287,443,124,267,87,155,164,200,225,243,342,184,245,206,263,125,290,226,239,127,114,216,502,263,315,229,317,591,276,330,681,248,140,293,271,349,284,400,543,348,344,179,549,233,153,188,108,194,208,656,197,134,118,88,232,148,241,317,189,359,122,113,225,368,279,108,171,v013_pure_multi_beam_pcost2,2026-05-30T23:17:56+09:00
v104_pro_sa,203,1550,296,139,300,113,200,207,206,105,109,76,79,169,241,131,374,339,290,123,123,307,126,117,101,90,218,73,232,264,250,296,122,122,559,215,376,107,233,55,121,122,165,177,186,276,146,192,148,216,97,217,174,200,100,99,159,374,215,259,189,261,467,203,259,540,188,104,227,207,292,253,268,433,270,274,151,491,194,104,145,87,165,178,493,161,104,85,67,175,125,181,279,145,251,91,92,187,325,228,87,159,,2026-05-30T23:47:32+09:00
v105_pro_beam2,205,1587,307,143,307,113,199,208,227,110,109,74,78,163,241,131,403,333,299,123,128,313,121,119,103,90,230,73,241,267,262,296,124,122,541,228,373,109,229,58,124,125,173,182,182,276,141,201,155,202,100,240,168,198,102,100,163,396,211,272,186,250,466,213,288,540,207,108,241,210,320,224,286,428,261,276,153,493,192,116,150,89,165,192,473,153,104,89,64,167,128,176,269,147,245,95,93,183,305,218,90,157,,2026-05-31T00:12:41+09:00
v106_sa2,198,1557,296,139,294,112,190,194,209,105,105,76,79,156,233,131,375,318,291,123,123,292,126,117,99,90,217,73,232,256,242,287,121,122,508,216,363,107,221,55,121,122,165,177,175,267,139,193,148,215,97,217,174,198,100,99,159,378,215,255,171,261,447,203,249,513,188,104,220,202,289,243,268,411,249,264,149,452,192,104,145,87,162,170,452,153,105,85,67,186,125,172,278,142,229,91,92,176,325,213,87,154,,2026-05-31T00:24:51+09:00
v106_sa2,197,1557,298,139,293,112,190,194,209,105,105,76,79,156,233,131,376,316,291,123,123,292,126,117,99,90,217,73,232,256,243,286,121,122,507,218,363,107,220,55,121,122,165,177,175,267,139,192,148,215,97,216,174,199,100,99,159,380,215,255,171,261,447,202,251,512,188,104,220,202,291,243,268,411,249,264,149,454,191,104,145,86,162,170,452,153,105,85,69,165,125,172,278,142,228,91,92,176,290,213,90,154,log_analysis,2026-05-31T00:34:47+09:00
v106_sa2,198,1582,297,139,293,112,190,194,206,105,105,76,79,156,233,131,375,317,291,123,123,292,126,117,101,90,217,73,232,256,242,286,121,122,508,216,363,107,220,55,121,122,165,177,175,267,139,193,148,217,97,216,170,199,100,99,159,379,215,253,171,259,447,203,249,511,188,104,221,202,314,220,270,404,247,264,149,522,186,107,146,87,162,170,453,153,104,85,69,165,127,172,263,142,229,94,92,176,295,213,90,154,log_analysis_q,2026-05-31T00:38:48+09:00
v107_sa3,197,1607,297,139,293,112,190,194,209,105,105,74,79,156,233,131,375,319,291,123,123,292,123,117,99,90,217,73,232,255,243,287,121,122,508,216,360,107,220,55,121,122,165,177,175,267,139,192,148,215,96,216,174,199,100,99,159,378,215,253,171,249,447,203,249,511,188,104,220,202,289,253,268,411,250,265,149,453,192,104,145,86,162,170,452,153,105,85,65,165,127,172,278,142,228,91,92,176,290,213,90,154,,2026-05-31T00:48:32+09:00
v107_sa3,198,1875,341,139,293,112,191,194,212,111,105,74,79,156,249,133,375,317,292,123,123,292,126,117,101,90,217,73,232,256,243,286,121,122,507,216,364,107,220,55,121,122,165,177,175,267,139,192,148,215,97,216,174,200,100,99,159,378,215,253,171,259,448,202,250,512,188,104,220,202,289,243,268,410,249,264,149,452,191,104,145,87,162,170,452,153,105,85,69,175,125,172,278,142,228,91,92,176,326,213,87,154,margin030,2026-05-31T00:51:48+09:00
v107_sa3,198,1614,297,139,293,112,190,194,206,105,105,76,79,156,233,133,376,319,291,123,123,292,126,117,99,90,217,73,232,256,243,286,121,122,507,216,364,107,220,55,121,122,165,177,175,267,139,192,148,215,96,216,174,198,100,99,159,379,215,253,171,260,448,202,249,512,188,104,220,202,289,244,268,410,249,264,149,452,192,104,145,87,162,170,452,153,105,85,69,175,125,172,279,142,228,91,92,176,326,213,87,154,margin035_guard065,2026-05-31T00:55:01+09:00
v108_sa4,197,1592,296,139,293,112,191,194,209,105,105,74,79,156,229,131,375,318,290,123,123,292,126,117,99,89,217,73,232,256,243,286,121,122,507,216,360,107,221,55,121,122,165,178,175,267,139,192,149,215,96,216,169,198,100,99,159,379,215,253,171,248,447,202,250,512,188,104,220,202,290,243,268,399,248,264,149,448,191,104,145,87,161,170,452,153,105,85,69,172,125,167,279,143,226,91,92,176,330,213,87,154,,2026-05-31T01:01:19+09:00
v108_sa4,198,1637,296,139,293,112,190,194,206,105,105,74,79,156,233,131,375,317,291,123,123,292,123,117,101,90,217,73,232,255,243,286,121,122,509,216,364,107,220,55,121,122,165,177,175,267,139,193,148,215,96,216,174,198,100,99,159,376,215,253,171,261,448,202,249,511,188,104,220,202,290,244,268,398,250,264,149,456,191,104,145,87,161,170,452,153,105,85,69,179,125,167,278,142,228,91,92,176,328,213,87,154,only_len17,2026-05-31T01:04:58+09:00
v109_sa5,197,1593,297,139,297,112,190,194,209,109,105,77,79,156,237,128,376,317,277,123,123,292,126,120,103,90,217,75,231,256,242,286,123,122,507,217,364,107,222,55,121,123,169,177,175,267,139,192,148,203,96,216,158,200,100,99,153,378,200,254,171,248,447,204,250,514,188,107,222,202,290,239,268,410,249,264,149,448,189,104,145,87,162,170,452,153,105,85,64,165,127,172,262,142,228,91,92,176,291,213,87,156,,2026-05-31T01:12:51+09:00
v110_sa6,196,1603,297,139,297,112,190,194,209,105,105,77,79,156,236,128,375,317,277,123,123,292,126,120,99,90,217,75,232,255,242,286,123,122,508,216,364,107,220,55,121,123,169,177,175,267,139,192,148,203,96,216,158,198,100,99,153,379,200,255,171,247,449,204,249,512,188,107,221,202,291,240,268,410,249,265,149,447,189,104,145,87,162,170,452,153,105,85,64,165,127,172,263,142,228,91,92,176,290,213,87,156,,2026-05-31T01:24:26+09:00
v111_sa7,196,1592,296,139,297,112,191,194,209,107,105,77,79,156,233,128,375,319,277,123,123,292,126,120,103,90,217,75,231,256,242,287,122,122,507,216,364,107,220,55,121,123,169,177,175,267,139,193,148,203,96,216,158,200,100,99,153,379,200,253,171,248,447,204,250,512,188,107,220,202,292,240,268,410,249,264,149,449,189,104,145,87,162,170,452,153,105,85,64,165,127,172,263,142,228,91,92,176,290,213,87,156,,2026-05-31T01:32:04+09:00
v111_sa7,196,1654,297,139,297,112,191,194,206,107,105,77,79,156,233,128,376,319,278,123,123,292,126,120,99,90,217,75,232,256,244,287,123,122,509,216,360,107,220,55,121,123,169,177,175,267,139,191,148,203,97,216,158,199,100,99,153,379,200,254,171,248,448,204,249,512,188,107,220,202,290,239,268,410,249,265,149,446,189,104,145,87,162,170,452,153,105,85,64,165,127,172,263,142,228,91,92,176,290,213,87,156,,2026-05-31T01:35:11+09:00
v112_pro_MacroAwareGreedyRouting,196,1619,293,135,293,112,190,194,206,107,105,77,79,156,233,128,375,317,278,121,123,292,124,120,101,90,226,73,227,255,242,287,123,122,509,215,363,107,221,55,121,123,165,177,175,267,139,192,148,202,97,216,158,198,100,99,153,378,201,253,171,257,443,204,249,512,188,107,220,202,290,220,270,400,248,265,149,447,189,104,145,87,161,170,452,153,105,85,64,165,127,167,263,142,228,91,92,176,290,213,87,156,,2026-05-31T02:54:54+09:00
v113_pro_MacroSelfDup,195,1593,285,139,280,111,190,194,204,111,105,76,79,156,232,131,365,311,277,123,123,292,126,117,99,88,232,73,227,252,242,286,117,122,509,211,360,109,220,55,121,123,166,177,175,250,139,193,149,198,96,225,159,196,101,98,153,369,200,255,164,253,447,204,248,504,188,107,222,196,289,218,267,410,251,244,142,442,187,107,145,87,152,170,452,153,107,85,69,163,127,171,249,135,228,94,92,176,289,216,88,153,,2026-05-31T03:00:51+09:00
v114_pro_past_survey1,195,1733,298,135,280,112,190,194,207,107,105,76,79,156,232,128,364,324,278,121,123,292,126,117,99,88,217,75,227,252,244,283,123,122,507,217,360,107,221,55,121,123,166,177,175,251,139,191,149,198,96,216,174,196,101,99,153,368,201,254,164,249,448,204,248,501,188,107,222,196,289,221,267,403,250,244,142,449,187,104,145,84,152,170,452,153,107,85,64,160,127,172,249,135,228,94,92,176,290,216,87,154,,2026-05-31T09:48:36+09:00
v115_pro_past_survey2,194,1603,288,135,280,110,190,190,203,108,105,77,79,156,230,125,364,313,274,120,123,292,127,119,99,88,220,73,228,252,244,282,117,119,508,210,351,109,220,55,121,123,166,177,175,251,139,191,149,198,96,220,159,194,101,100,153,360,201,250,164,254,445,204,247,504,188,107,220,200,289,218,267,403,248,244,142,439,187,105,145,84,152,170,452,153,106,85,64,163,125,171,250,135,229,91,92,176,285,216,90,153,,2026-05-31T09:49:12+09:00
v114_pro_past_survey1,194,1590,286,137,280,112,190,194,207,107,105,76,79,156,232,128,364,311,277,121,123,292,126,117,99,88,217,75,227,252,243,283,123,122,507,217,359,107,221,55,121,123,166,177,175,251,139,191,148,198,96,216,159,196,101,99,153,360,200,253,164,250,447,204,248,501,188,109,221,196,289,221,267,403,249,244,142,441,187,104,145,87,152,170,452,153,107,85,64,160,127,172,253,135,228,94,92,176,291,216,87,154,,2026-05-31T09:53:16+09:00
v116_pro_past_survey2,194,1588,286,135,280,110,190,190,203,108,105,77,79,156,230,125,365,311,275,120,123,292,127,119,99,88,221,73,227,251,241,282,117,119,507,210,351,109,220,55,121,123,166,177,175,251,139,191,149,197,96,219,159,196,101,100,153,357,200,253,164,253,447,202,246,503,188,107,221,200,292,218,267,403,249,244,142,442,187,105,143,84,152,170,452,153,106,85,64,163,125,171,249,135,228,91,91,176,288,216,88,153,,2026-05-31T10:07:36+09:00
v117_lazy_effect_cache,194,1590,288,135,280,110,190,190,203,108,105,77,79,156,231,125,364,310,277,123,123,292,127,119,99,88,221,73,228,251,241,282,117,119,507,211,351,109,220,55,121,123,166,177,175,251,139,191,150,199,96,220,159,196,101,100,153,359,200,253,164,253,446,202,246,508,188,107,220,200,289,218,267,403,249,244,142,443,187,105,143,84,152,170,452,153,106,85,64,163,125,171,249,135,228,91,91,176,285,216,88,153,v117_lazy_effect_cache,2026-05-31T11:57:39+09:00
v118_route_early_stop,194,1590,285,135,282,110,190,190,204,108,105,77,79,156,230,125,364,311,277,123,123,292,127,119,99,88,221,73,227,252,242,281,117,120,507,210,352,108,220,55,121,123,162,177,175,250,139,192,147,198,96,222,159,196,100,100,153,363,200,254,164,253,446,202,246,501,188,107,219,200,290,221,267,403,247,244,142,441,187,105,143,84,152,170,452,153,106,85,64,163,125,171,249,135,228,91,91,176,288,216,88,153,v118_route_early_stop,2026-05-31T12:30:36+09:00
```

notations.md
```
# 記号一覧

このファイルは、問題で使う記号と、実装・会話で使う代表名・型・制約の正本である。

## notation 方針

- 公式記号名は保持する。公式が `N`, `M`, `T` なら `N`, `M`, `T` と書き、Rust 風の `n`, `m`, `t` へ直さない。
- 添字は 0-based とし、`v[i,j]`, `h[i,j]`, `a[t]` のような配列アクセス風表記を使う。
- 座標は `(i,j)` で表し、`i` は下方向、`j` は右方向である。
- `v000_template.rs` では高速化のため、盤面座標 `(i,j)` を 1 次元の `cell = i * n + j` に潰して扱う。notation では必要に応じて `cell(i,j)` と書く。
- `v000_template.rs` では `Option<usize>` の代わりに `u8` と sentinel `NONE = 255` を使う。ボール・かご種類 `k` は `0 <= k < M <= 40` なので `u8` に収まる。
- 解法考察や仮説は混ぜない。状態量・添字・型・不変条件だけを書く。

## v000 実装定数

### 固定上限 `MAX_N`, `MAX_M`, `MAX_CELLS`

`v000_template.rs` で固定長配列を使うための上限である。

- 議論用 notation: `MAX_N`, `MAX_M`, `MAX_CELLS`
- コード上の代表名: `MAX_N`, `MAX_M`, `MAX_CELLS`
- Rust 型: `usize` の `const`
- 値・不変条件: `MAX_N = 20`, `MAX_M = 40`, `MAX_CELLS = MAX_N * MAX_N = 400`
- 備考: 問題制約 `N <= 20`, `M <= 2N <= 40` に対応する。

### 空値 sentinel `NONE`

ボール・かご・手持ちが存在しないことを表す sentinel である。

- 議論用 notation: `NONE`
- コード上の代表名: `NONE`
- Rust 型: `u8` の `const`
- 値・不変条件: `NONE = 255`; 有効な種類 `k` は `0 <= k < M <= 40` なので衝突しない
- 備考: `Option<usize>` より軽い表現として、`init_ball_at`, `basket_at`, `cell_ball`, `held` で使う。

## 入力サイズ

### 盤面サイズ `N`

`N x N` マスの盤面サイズを表す。

- 議論用 notation: `N`
- コード上の代表名: `N`, `n`
- Rust 型: `usize`
- index 範囲・不変条件: `10 <= N <= 20`; マス座標は `0 <= i < N`, `0 <= j < N`

### 種類数 `M`

ボールとかごの種類数を表す。各 `k` について種類 `k` のボールが 1 個、種類 `k` のかごが 1 個存在する。

- 議論用 notation: `M`
- コード上の代表名: `M`, `m`
- Rust 型: `usize`
- index 範囲・不変条件: `N/2 <= M <= 2N`; `0 <= k < M`

### 基本操作回数上限 `T`

マクロ展開後に実行される基本操作回数の上限を表す。`T+1` 回目の基本操作は実行されずに打ち切られる。

- 議論用 notation: `T`
- コード上の代表名: `T`, `t_limit`
- Rust 型: `usize`
- index 範囲・不変条件: `1 <= T <= 2N^2M`
- 備考: 出力操作列長 `A` も `A <= T` でなければならない。

## 盤面・壁

### 位置 `(i,j)`

盤面上のマス座標を表す。左上が `(0,0)` である。

- 議論用 notation: `(i,j)`
- コード上の代表名: `pos`, `Point { i, j }`, `(usize, usize)`
- Rust 型: `(usize, usize)` または専用 `struct`
- index 範囲・不変条件: `0 <= i < N`, `0 <= j < N`

### 1 次元マス番号 `cell`

`v000_template.rs` で高速化のために使う 1 次元化したマス番号である。

- 議論用 notation: `cell`, `cell(i,j)`
- コード上の代表名: `cell`, `pos`
- Rust 型: `usize` または保存時は `u16`
- index 範囲・不変条件: `cell = i * n + j`; `0 <= cell < n * n <= MAX_CELLS`
- 備考: `Grid::cell(i,j)` で `(i,j) -> cell`、`Grid::ij(cell)` で `cell -> (i,j)` に変換する。

### 方向 `dir`

上下左右の 4 方向を表す番号である。

- 議論用 notation: `dir`
- コード上の代表名: `dir`
- Rust 型: `usize` または `u8`
- index 範囲・不変条件: `0=上`, `1=右`, `2=下`, `3=左`
- 備考: `v000_template.rs` では右折を `(dir + 1) & 3`、左折を `(dir + 3) & 3` で処理する。

### 横方向の壁 `v[i,j]`

マス `(i,j)` と `(i,j+1)` の間の壁を表す。

- 議論用 notation: `v[i,j]`
- コード上の代表名: `v`, `vertical_walls`, `right_wall`
- Rust 型: `Vec<Vec<bool>>` または `Vec<Vec<u8>>`
- index 範囲・不変条件: `0 <= i < N`, `0 <= j < N-1`; `1` なら壁あり、`0` なら壁なし
- 備考: 入力では `v_0, ..., v_{N-1}` として、各行が長さ `N-1` の `01` 文字列で与えられる。`v000_template.rs` では読み取り後に `wall_mask[cell]` へ統合する。

### 縦方向の壁 `h[i,j]`

マス `(i,j)` と `(i+1,j)` の間の壁を表す。

- 議論用 notation: `h[i,j]`
- コード上の代表名: `h`, `horizontal_walls`, `down_wall`
- Rust 型: `Vec<Vec<bool>>` または `Vec<Vec<u8>>`
- index 範囲・不変条件: `0 <= i < N-1`, `0 <= j < N`; `1` なら壁あり、`0` なら壁なし
- 備考: 入力では `h_0, ..., h_{N-2}` として、各行が長さ `N` の `01` 文字列で与えられる。`v000_template.rs` では読み取り後に `wall_mask[cell]` へ統合する。

### 壁 bitmask `wall_mask[cell]`

`cell` から見て隣接マスとの間に壁がある方向を bitmask で表す。外周は含めない。

- 議論用 notation: `wall_mask[cell]`
- コード上の代表名: `wall_mask`
- Rust 型: `[u8; MAX_CELLS]`
- index 範囲・不変条件: `0 <= cell < n*n`; bit `1 << dir` が立っていればその方向に壁あり
- 備考: `v[i,j] = 1` なら左 cell の右 bit と右 cell の左 bit を立てる。`h[i,j] = 1` なら上 cell の下 bit と下 cell の上 bit を立てる。

### 外周 bitmask `edge_mask[cell]`

`cell` から見て盤面外へ出ずに進める方向を bitmask で表す。壁は考慮しない。

- 議論用 notation: `edge_mask[cell]`
- コード上の代表名: `edge_mask`
- Rust 型: `[u8; MAX_CELLS]`
- index 範囲・不変条件: `0 <= cell < n*n`; bit `1 << dir` が立っていれば外周には当たらない

### 移動可能 bitmask `move_mask[cell]`

`cell` から見て外周と壁の両方を考慮して進める方向を bitmask で表す。

- 議論用 notation: `move_mask[cell]`
- コード上の代表名: `move_mask`
- Rust 型: `[u8; MAX_CELLS]`
- index 範囲・不変条件: `move_mask[cell] = edge_mask[cell] & !wall_mask[cell]`

### 次マス表 `next_cell[cell,dir]`

前進 `F` をした後の `cell` を事前計算した表である。

- 議論用 notation: `next_cell[cell,dir]`
- コード上の代表名: `next_cell`
- Rust 型: `[[u16; 4]; MAX_CELLS]`
- index 範囲・不変条件: 進める場合は隣接 cell、外周または壁で進めない場合は同じ `cell`
- 備考: `State::apply_basic(OP_F)` は `grid.next(pos, dir)` を参照するだけでよい。

## ボール・かご

### ボール初期位置 `(b[k],c[k])`

種類 `k` のボールの初期位置を表す。

- 議論用 notation: `(b[k],c[k])`
- コード上の代表名: `balls`, `ball_pos`
- Rust 型: `Vec<(usize, usize)>`; `v000_template.rs` では `[u16; MAX_M]`
- index 範囲・不変条件: `0 <= k < M`; すべてのボール初期位置とかご位置は相異なる
- 備考: `v000_template.rs` の `ball_pos[k]` は座標ではなく `cell(b[k],c[k])` を保持する。

### かご位置 `(d[k],e[k])`

種類 `k` のかごの位置を表す。

- 議論用 notation: `(d[k],e[k])`
- コード上の代表名: `baskets`, `basket_pos`
- Rust 型: `Vec<(usize, usize)>`; `v000_template.rs` では `[u16; MAX_M]`
- index 範囲・不変条件: `0 <= k < M`; すべてのボール初期位置とかご位置は相異なる
- 備考: `v000_template.rs` の `basket_pos[k]` は座標ではなく `cell(d[k],e[k])` を保持する。

### 初期ボール配置 `init_ball_at[cell]`

初期状態で `cell` に置かれているボール種類を表す。問題文に公式記号はない。

- 議論用 notation: `init_ball_at[cell]`
- コード上の代表名: `init_ball_at`
- Rust 型: `[u8; MAX_CELLS]`
- index 範囲・不変条件: `0 <= cell < n*n`; ボールありなら種類 `k`、なしなら `NONE`

### かご配置 `basket_at[cell]`

`cell` にあるかごの種類を表す。問題文に公式記号はない。

- 議論用 notation: `basket_at[cell]`
- コード上の代表名: `basket_at`
- Rust 型: `[u8; MAX_CELLS]`
- index 範囲・不変条件: `0 <= cell < n*n`; かごありなら種類 `k`、なしなら `NONE`

### 盤面上のボール `cell_ball[i,j]`

シミュレーション中にマス `(i,j)` に置かれているボールの種類を表す。問題文に公式記号はない。

- 議論用 notation: `cell_ball[i,j]`
- コード上の代表名: `cell_ball`, `board_ball`
- Rust 型: `Vec<Vec<Option<usize>>>`; `v000_template.rs` では `[u8; MAX_CELLS]`
- index 範囲・不変条件: `0 <= i < N`, `0 <= j < N`; `Some(k)` または `k` は種類 `k` のボール、`None` または `NONE` はボールなし
- 備考: かごのあるマスにもボールは置かれ得る。

## ロボット状態

### ロボット位置 `robot_pos`

ロボットの現在位置を表す。初期位置は `(0,0)` である。

- 議論用 notation: `robot_pos`
- コード上の代表名: `robot_pos`, `pos`
- Rust 型: `(usize, usize)` または専用 `Point`; `v000_template.rs` では `u16` の `cell`
- index 範囲・不変条件: 常に盤面内のマス

### 向き `dir`

ロボットが向いている方向を表す。初期状態では右を向いている。

- 議論用 notation: `dir`
- コード上の代表名: `dir`, `Direction`
- Rust 型: `usize`, `i32`, `u8`, または `enum Direction`
- index 範囲・不変条件: `0=上`, `1=右`, `2=下`, `3=左`

### 手に持つボール `held`

ロボットが現在手に持っているボールの種類を表す。

- 議論用 notation: `held`
- コード上の代表名: `held`, `holding`
- Rust 型: `Option<usize>`; `v000_template.rs` では `u8`
- index 範囲・不変条件: `Some(k)` または `k` は種類 `k` のボール、`None` または `NONE` は何も持っていない

### 状態 `State`

シミュレーション中の全状態をまとめた構造体である。問題文に公式記号はない。

- 議論用 notation: `State`
- コード上の代表名: `State`
- Rust 型: `struct State`
- 主なフィールド: `pos`, `dir`, `held`, `matched`, `cell_ball`, `basic_count`, `recording`, `last_macro`, `cur_macro`
- 不変条件: `pos` は盤面内 cell、`dir < 4`、`held` と `cell_ball[cell]` は `k` または `NONE`

## 操作

### 基本操作 `F`, `R`, `L`, `S`

マクロ展開後に実行される操作である。

- `F`: 前進。壁がある場合は移動しない。
- `R`: 右折。時計回りに 90 度向きを変える。
- `L`: 左折。反時計回りに 90 度向きを変える。
- `S`: 交換。手に持っているボールと現在位置のボールを入れ替える。

`v000_template.rs` では基本操作を以下の `u8` 定数で保持する。

```text
OP_F = 0
OP_R = 1
OP_L = 2
OP_S = 3
```

### コントローラー操作 `M`, `P`

出力操作列に含められるが、基本操作ではない操作である。

- `M`: マクロ記録の開始または終了。記録終了時に記録された操作列を新しいマクロとして登録する。
- `P`: 最後に登録が完了したマクロを再生する。登録済みマクロが存在しない場合は何も起こらない。

`v000_template.rs` では出力ボタンを以下の `u8` 定数で保持する。`BTN_F`, `BTN_R`, `BTN_L`, `BTN_S` はそれぞれ `OP_F`, `OP_R`, `OP_L`, `OP_S` と同じ値である。

```text
BTN_F = 0
BTN_R = 1
BTN_L = 2
BTN_S = 3
BTN_M = 4
BTN_P = 5
```

### 出力操作 `a[t]`

出力する `t` 回目のボタン操作を表す。

- 議論用 notation: `a[t]`
- コード上の代表名: `ops`, `answer`, `buttons`
- Rust 型: `Vec<char>`, `Vec<u8>`, `String`
- index 範囲・不変条件: `0 <= t < A`; 各要素は `F`, `R`, `L`, `S`, `M`, `P` のいずれか
- 備考: `v000_template.rs` では `ButtonSeq { buttons: Vec<u8> }` として保持し、出力時に `button_to_char` で 1 行 1 操作へ変換する。

### 出力操作列長 `A`

出力した操作列の長さを表す。`M` および `P` もそれぞれ 1 回のボタン操作として数える。

- 議論用 notation: `A`
- コード上の代表名: `A`, `answer_len`
- Rust 型: `usize`
- index 範囲・不変条件: `0 <= A <= T`

## マクロ状態

### 最後に登録済みのマクロ `last_macro`

最後に登録が完了したマクロの基本操作列を表す。問題文に公式記号はない。

- 議論用 notation: `last_macro`
- コード上の代表名: `last_macro`, `macro_ops`
- Rust 型: `Vec<char>`, `Vec<u8>`
- index 範囲・不変条件: 要素は基本操作 `F`, `R`, `L`, `S` のみ
- 備考: `v000_template.rs` では要素は `OP_F`, `OP_R`, `OP_L`, `OP_S` のみ。

### 記録中のマクロ `recording_macro`

現在記録中のマクロの基本操作列を表す。問題文に公式記号はない。

- 議論用 notation: `recording_macro`
- コード上の代表名: `recording_macro`, `current_macro`, `cur_macro`
- Rust 型: `Option<Vec<char>>`, `Vec<u8>` と記録中フラグ
- index 範囲・不変条件: 要素は基本操作 `F`, `R`, `L`, `S` のみ。記録中に `P` を押した場合、再生された基本操作列が追加される。
- 備考: `v000_template.rs` では `recording: bool` と `cur_macro: Vec<u8>` で表す。

### 実行済み基本操作数 `expanded_count`

マクロ展開後に実際に実行された基本操作数を表す。問題文に公式記号はない。

- 議論用 notation: `expanded_count`
- コード上の代表名: `expanded_count`, `basic_count`
- Rust 型: `usize`
- index 範囲・不変条件: `0 <= expanded_count <= T`; `T+1` 回目の基本操作は実行されない

## スコア

### 対応するかご上のボール数 `V`

シミュレーション終了時に、対応するかごのマスに置かれているボールの個数を表す。

- 議論用 notation: `V`
- コード上の代表名: `V`, `matched_count`, `matched`
- Rust 型: `usize`; `v000_template.rs` では `u8`
- index 範囲・不変条件: `0 <= V <= M`; 種類 `k` のボールが `(d[k],e[k])` に置かれていれば 1 個として数える
- 備考: `v000_template.rs` では `S` の前後で現在 cell の正誤だけを差分更新する。`is_correct_at(input, cell, ball)` は `ball != NONE && input.basket_at[cell] == ball` を判定する。

### 絶対スコア `absolute_score`

各テストケースの絶対スコアを表す。小さいほど良い。

- 議論用 notation: `absolute_score`
- コード上の代表名: `score`, `absolute_score`
- Rust 型: `usize`, `u64`
- 定義: `V = M` の場合は `A`; `V < M` の場合は `T * (M - V)`

## 実行補助

### 出力列ラッパ `ButtonSeq`

出力ボタン列を保持し、シミュレーション・スコア計算・出力文字列化を行う構造体である。問題文に公式記号はない。

- 議論用 notation: `ButtonSeq`
- コード上の代表名: `ButtonSeq`, `answer`
- Rust 型: `struct ButtonSeq { buttons: Vec<u8> }`
- index 範囲・不変条件: `buttons` の要素は `BTN_F`, `BTN_R`, `BTN_L`, `BTN_S`, `BTN_M`, `BTN_P`
- 備考: `simulate(input, grid)` は初期 `State` に全ボタンを順に適用する。

### ローカル計測 `TraceStats`

`local` feature 有効時に、fallback 回数、処理回数、処理時間を記録する構造体である。問題文に公式記号はない。

- 議論用 notation: `TraceStats`
- コード上の代表名: `TraceStats`, `trace`
- Rust 型: `struct TraceStats`
- 主なフィールド: `fallback_count`, `counts`, `times_ms`
- 備考: `local!` は `local` feature 有効時だけ中身を実行し、`local_time!` は処理時間を `times_ms` に加算する。

### 時間管理 `TimeKeeper`

ホットループで時計確認の頻度を間引くための時間管理構造体である。問題文に公式記号はない。

- 議論用 notation: `TimeKeeper`
- コード上の代表名: `TimeKeeper`, `tk`
- Rust 型: `struct TimeKeeper`
- 主なフィールド: `start`, `time_limit_sec`, `iter`, `check_mask`, `elapsed_sec`, `progress`, `is_over`
- 不変条件: `step()` は `iter` を進め、`iter & check_mask == 0` のときだけ時計を更新する。戻り値 `false` は時間切れを表す。

## 入力生成

### 壁の本数 `W`

盤面生成時に伸ばす壁の本数を表す。

- 議論用 notation: `W`
- コード上の代表名: `W`, `wall_count`
- Rust 型: `usize`
- index 範囲・不変条件: `W = rand(0,N-1)`

### 順に訪れる最小手数 `X`

`(0,0)`, 各ボール初期位置、対応するかご位置を種類順に訪れる最小手数を表す。

- 議論用 notation: `X`
- コード上の代表名: `X`, `baseline_distance`
- Rust 型: `usize`
- index 範囲・不変条件: 上下左右の移動を 1 手とし、壁を越えない最短距離で計算する

### `T` 生成用乱数 `r`

`T` の生成に使う実数乱数を表す。

- 議論用 notation: `r`
- コード上の代表名: `r`
- Rust 型: `f64`
- index 範囲・不変条件: `r = rand_double(0,1)`

```



important_propaties.md
```
# Important Properties

このファイルは、問題の重要な性質を整理する場所である。記号の定義・代表名・型・制約は `notes/notations.md` を参照し、ここでは性質そのものだけを書く。

## 1. 展開前操作列優先原理

### 主張
`V=M` を達成した後のスコアは、展開前の出力操作列長 `A` だけで決まる。

したがって、`expanded_count` は `T` を超えないための制約であり、最小化対象ではない。短い基本操作列を先に作って後処理で圧縮する設計は、目的関数がずれているためスコアが良くなりにくい。

### なぜ成り立つか
絶対スコアの定義では、`V=M` の場合のスコアは `A` である。マクロ展開後の基本操作数は、成功可否には影響するが、成功後のスコア式には現れない。

短い基本操作列が、短い `A` に圧縮しやすいとは限らない。むしろ、基本操作列を先に固定すると、マクロに乗りやすい構造を捨てる傾向があるためスコアが悪化することが経験的にわかっている。

### 実装上どう効くか
探索・経路選択・配送順選択では、展開後の基本操作数ではなく、`M` と `P` を含めた `A` を直接評価する。

## 2. マクロ累乗性

### 主張
`last_macro` がある基本操作列を表しているとき、記録中に `P` を押すと、`P` というボタンそのものではなく、再生された基本操作列が `recording_macro` に追加される。

そのため、`MPPM` を実行すると、現在の `last_macro` を2回連続で実行しつつ、その2回分を新しい `last_macro` として登録できる。これにより、登録済みマクロの効果を `1倍 -> 2倍 -> 4倍 -> 8倍 ...` のように増やせる。

### なぜ成り立つか
問題文の仕様では、マクロ記録中に `P` を押した場合、最後に登録済みのマクロが再生される。このとき、現在記録中のマクロに追加されるのは `P` ではなく、実際に再生された基本操作列である。

したがって、`last_macro` がある基本操作列を表す状態で `MPPM` を実行すると、新しい `last_macro` は元の `last_macro` を2回並べたものになる。

### 実装上どう効くか
短い movement macro を一度登録できれば、`MPPM` によってより長い移動 primitive に育てられる。たとえば短い直進や曲がり付き移動でも、累乗後は `P` 1回で長い移動効果を持つ。

探索 graph では、`last_macro` の累乗段階を状態に持たせるとよい。通常の `P` は現在段階の macro を1 buttonで適用する辺、`MPPM` は4 buttonで次の累乗段階へ進む辺として扱える。

## 3. 移動マクロの盤面非依存性

### 主張
`F/R/L` だけからなるマクロは、開始時の `cell` と `dir`、および壁配置だけで実行後の `cell` と `dir` が決まる。
手持ちのボール、盤面上のボール配置、どの種類を処理済みかには依存しない。

### なぜ成り立つか
`F` は壁に当たれば同じ `cell` に留まり、進めるなら隣接 `cell` へ移動する。これは `next_cell[cell,dir]` だけで決まる。

`R` と `L` は `dir` だけを変える。どちらもボールやかごや手持ちには触れない。したがって、`F/R/L` だけのマクロを実行しても、変わるのはロボットの `cell` と `dir` だけである。

### 実装上どう効くか
マクロが1つ決まったら、全姿勢 `4*N*N` 個について、実行後の姿勢を前計算できる。

```text
effect[cell,dir] = マクロ実行後の (cell',dir')
```

コード上は、たとえば次のような表にできる。

```text
effect[cell * 4 + dir] = cell' * 4 + dir'
```

これにより、マクロ再生 `P` の効果を毎回マクロ長ぶんシミュレーションせず、表引き1回で適用できる。

マクロ長を `L` とすると、前計算コストはおおよそ `4*N*N*L` である。一方、前計算しない場合、同じマクロの効果を1回参照するたびに `L` かかる。したがって、同じマクロの効果を `4*N*N` 回より多く参照するなら、前計算する方が効率的である。

この性質により、`F/R/L` だけのマクロは探索 graph の遷移として扱いやすい。`S` を含むマクロでは、手持ちや盤面上のボール配置に依存するため、同じ `cell` と `dir` から始めても効果が一意に決まらない。

## 4. マクロ償却性

### 主張
マクロ登録には `M ... M` の2 button と中身の基本操作列ぶんの button が必要だが、登録後の再生 `P` は1 button で済む。したがって、マクロは登録時に先払いし、複数回の `P` でその登録コストを回収する仕組みである。候補評価では、登録コストだけでなく、その後に何回使えるかを見る必要がある。

## 5. 回転正規性

### 主張
連続する回転操作だけを見ると、`R` と `L` は `dir` を 4 周期で変えるだけであり、同じ最終 `dir` になる短い回転列へ置き換えられる。

代表例:

```text
RL   == 空列
LR   == 空列
RRRR == 空列
LLLL == 空列
RR   == LL
RRR  == L
LLL  == R
```

### なぜ成り立つか
`R` は `dir` を `+1`、`L` は `dir` を `-1` する操作である。方向は 4 通りなので、回転列の効果は合計回転量を 4 で割った余りだけで決まる。

回転操作は `cell`、手持ち、盤面上のボール配置を変えない。したがって、同じ合計回転量を持つ回転列は、任意の状態で同じ効果になる。

### 実装上どう効くか
`F/R/L` だけのマクロ候補を生成するとき、無意味な回転の打ち消しを含む候補は、同じ効果でより短い候補に置き換えられる。

たとえば `FRLF` は途中の `RL` が空列と同じなので、`FF` と同じ移動効果を持つ。登録コストは短い方が小さいため、このような候補は短い表現だけ残せばよい。

## 6. 直進飽和性

### 主張
同じ方向へ連続して進む `F` の列は、長さ `N-1` で移動効果が飽和する。

したがって、任意の開始姿勢について次が成り立つ。

```text
F^(N-1) == F^N == F^(N+1) == ...
```

### なぜ成り立つか
`N x N` 盤面では、壁がまったくない場合でも、同じ方向に実際に進めるマス数は最大 `N-1` である。

外周または内部壁に当たった後の `F` は、同じ `cell` に留まるだけである。内部壁がある場合は、`N-1` より短い回数で飽和することもある。

### 実装上どう効くか
`F/R/L` だけのマクロ候補を扱うとき、連続する `F` run は長さ `N-1` まで短縮しても移動効果が変わらない。

たとえば `N=20` なら、連続する `F` は19個まで見ればよい。20個以上の連続 `F` は、同じ向きの直進 run としては冗長である。

途中に `R` や `L` が入る場合は向きが変わるため、別の直進 run として扱う。

```